L -1062, 0, 0, 1053, 0, 0, 255, 0, 0
L 0, -1073, 0, 0, 314, 0, 255, 0, 0
L -100, -1073, 0, -100, 314, 0, 100, 100, 100
L -200, -1073, 0, -200, 314, 0, 100, 100, 100
L -300, -1073, 0, -300, 314, 0, 100, 100, 100
L -400, -1073, 0, -400, 314, 0, 100, 100, 100
L -500, -1073, 0, -500, 314, 0, 100, 100, 100
L -600, -1073, 0, -600, 314, 0, 100, 100, 100
L -700, -1073, 0, -700, 314, 0, 100, 100, 100
L -800, -1073, 0, -800, 314, 0, 100, 100, 100
L -900, -1073, 0, -900, 314, 0, 100, 100, 100
L -1000, -1073, 0, -1000, 314, 0, 100, 100, 100
L 100, -1073, 0, 100, 314, 0, 100, 100, 100
L 200, -1073, 0, 200, 314, 0, 100, 100, 100
L 300, -1073, 0, 300, 314, 0, 100, 100, 100
L 400, -1073, 0, 400, 314, 0, 100, 100, 100
L 500, -1073, 0, 500, 314, 0, 100, 100, 100
L 600, -1073, 0, 600, 314, 0, 100, 100, 100
L 700, -1073, 0, 700, 314, 0, 100, 100, 100
L 800, -1073, 0, 800, 314, 0, 100, 100, 100
L 900, -1073, 0, 900, 314, 0, 100, 100, 100
L 1000, -1073, 0, 1000, 314, 0, 100, 100, 100
L -1062, -100, 0, 1053, -100, 0, 100, 100, 100
L -1062, -200, 0, 1053, -200, 0, 100, 100, 100
L -1062, -300, 0, 1053, -300, 0, 100, 100, 100
L -1062, -400, 0, 1053, -400, 0, 100, 100, 100
L -1062, -500, 0, 1053, -500, 0, 100, 100, 100
L -1062, -600, 0, 1053, -600, 0, 100, 100, 100
L -1062, -700, 0, 1053, -700, 0, 100, 100, 100
L -1062, -800, 0, 1053, -800, 0, 100, 100, 100
L -1062, -900, 0, 1053, -900, 0, 100, 100, 100
L -1062, -1000, 0, 1053, -1000, 0, 100, 100, 100
L -1062, 100, 0, 1053, 100, 0, 100, 100, 100
L -1062, 200, 0, 1053, 200, 0, 100, 100, 100
L -1062, 300, 0, 1053, 300, 0, 100, 100, 100
P -100, -1073, 0, 1, 1, 1, 2, 100
P -200, -1073, 0, 1, 1, 1, 2, 200
P -300, -1073, 0, 1, 1, 1, 2, 300
P -400, -1073, 0, 1, 1, 1, 2, 400
P -500, -1073, 0, 1, 1, 1, 2, 500
P -600, -1073, 0, 1, 1, 1, 2, 600
P -700, -1073, 0, 1, 1, 1, 2, 700
P -800, -1073, 0, 1, 1, 1, 2, 800
P -900, -1073, 0, 1, 1, 1, 2, 900
P -1000, -1073, 0, 1, 1, 1, 2, 1000
P 100, -1073, 0, 1, 1, 1, 2, -100
P 200, -1073, 0, 1, 1, 1, 2, -200
P 300, -1073, 0, 1, 1, 1, 2, -300
P 400, -1073, 0, 1, 1, 1, 2, -400
P 500, -1073, 0, 1, 1, 1, 2, -500
P 600, -1073, 0, 1, 1, 1, 2, -600
P 700, -1073, 0, 1, 1, 1, 2, -700
P 800, -1073, 0, 1, 1, 1, 2, -800
P 900, -1073, 0, 1, 1, 1, 2, -900
P 1000, -1073, 0, 1, 1, 1, 2, -1000
P -1062, -110, 0, 1, 1, 1, 2, 100
P -1062, -210, 0, 1, 1, 1, 2, 200
P -1062, -310, 0, 1, 1, 1, 2, 300
P -1062, -410, 0, 1, 1, 1, 2, 400
P -1062, -510, 0, 1, 1, 1, 2, 500
P -1062, -610, 0, 1, 1, 1, 2, 600
P -1062, -710, 0, 1, 1, 1, 2, 700
P -1062, -810, 0, 1, 1, 1, 2, 800
P -1062, -910, 0, 1, 1, 1, 2, 900
P -1062, -1010, 0, 1, 1, 1, 2, 1000
P -1062, 90, 0, 1, 1, 1, 2, -100
P -1062, 190, 0, 1, 1, 1, 2, -200
P -1062, 290, 0, 1, 1, 1, 2, -300
